1 604
5.52255 604.21
10.0153 604.412
14.4784 604.606
18.9119 604.792
23.3161 604.97
27.691 605.139
32.0368 605.301
36.3536 605.454
40.6416 605.6
44.9009 605.737
49.1317 605.867
53.334 605.988
57.5081 606.102
61.6541 606.208
65.772 606.307
69.8621 606.397
73.9245 606.481
77.9593 606.556
81.9667 606.624
85.9468 606.684
89.8998 606.737
93.8257 606.782
97.7248 606.82
101.597 606.85
105.443 606.873
109.262 606.889
113.055 606.897
116.822 606.899
120.563 606.893
124.278 606.879
127.967 606.859
131.63 606.832
135.268 606.797
138.881 606.756
142.468 606.707
146.031 606.652
149.568 606.59
153.081 606.521
156.569 606.445
160.033 606.362
163.472 606.273
166.887 606.177
170.278 606.074
173.645 605.964
176.988 605.848
180.308 605.726
183.604 605.597
186.876 605.461
190.126 605.319
193.352 605.171
196.556 605.016
199.736 604.855
202.894 604.688
206.029 604.514
209.142 604.335
212.233 604.149
215.301 603.957
218.348 603.759
221.373 603.554
224.376 603.344
227.357 603.128
230.317 602.906
233.256 602.678
236.174 602.444
239.07 602.205
241.946 601.959
244.801 601.708
247.635 601.452
250.449 601.189
253.243 600.921
256.016 600.647
258.77 600.368
261.504 600.084
264.217 599.793
266.912 599.498
269.586 599.197
272.242 598.891
274.878 598.579
277.495 598.262
280.094 597.94
282.673 597.613
285.234 597.28
287.777 596.943
290.301 596.6
292.807 596.252
295.294 595.9
297.764 595.542
300.216 595.18
302.651 594.812
305.068 594.44
307.467 594.063
309.85 593.681
312.215 593.294
314.563 592.903
316.895 592.507
319.21 592.107
321.508 591.702
323.79 591.292
326.055 590.878
328.305 590.459
330.539 590.036
332.756 589.609
334.958 589.177
337.145 588.741
339.316 588.301
341.472 587.856
343.612 587.408
345.738 586.955
347.849 586.498
349.945 586.037
352.026 585.572
354.094 585.103
356.146 584.63
358.185 584.153
360.21 583.672
362.22 583.187
364.217 582.699
366.201 582.207
368.171 581.711
370.127 581.211
372.071 580.708
374.001 580.201
375.919 579.691
377.824 579.177
379.716 578.659
381.595 578.139
383.463 577.614
385.318 577.087
387.161 576.556
388.992 576.021
390.812 575.484
392.619 574.943
394.416 574.399
396.201 573.852
397.974 573.302
399.737 572.749
401.488 572.193
403.229 571.633
404.959 571.071
406.679 570.506
408.388 569.938
410.087 569.367
411.776 568.794
413.455 568.217
415.124 567.638
416.784 567.057
418.434 566.472
420.074 565.885
421.706 565.296
423.328 564.704
424.941 564.109
426.545 563.512
428.141 562.913
429.728 562.311
431.307 561.707
432.877 561.101
434.439 560.492
435.993 559.881
437.539 559.268
439.078 558.653
440.609 558.036
442.133 557.417
443.649 556.795
445.158 556.172
446.66 555.547
448.155 554.92
449.644 554.291
451.125 553.66
452.601 553.027
454.07 552.393
455.532 551.757
456.989 551.119
458.44 550.48
459.885 549.839
461.325 549.197
462.759 548.553
464.187 547.907
465.611 547.26
467.029 546.612
468.442 545.962
469.851 545.311
471.255 544.659
472.654 544.006
474.049 543.351
475.44 542.695
476.827 542.038
478.21 541.379
479.589 540.72
480.964 540.059
482.336 539.397
483.705 538.734
485.07 538.07
486.433 537.405
487.792 536.738
489.149 536.071
490.503 535.402
491.855 534.733
493.204 534.062
494.551 533.39
495.896 532.718
497.24 532.044
498.581 531.369
499.921 530.693
501.259 530.017
502.597 529.339
503.933 528.66
505.268 527.981
506.602 527.3
507.935 526.619
509.268 525.937
510.6 525.254
511.933 524.57
513.265 523.885
514.597 523.199
515.929 522.512
517.262 521.825
518.595 521.137
519.928 520.448
521.262 519.758
522.598 519.068
523.934 518.377
525.271 517.685
526.61 516.992
527.95 516.298
529.292 515.604
530.636 514.91
531.982 514.214
533.329 513.518
534.679 512.821
536.031 512.124
537.386 511.426
538.743 510.727
540.104 510.028
541.467 509.328
542.833 508.628
544.202 507.927
545.575 507.225
546.951 506.523
548.331 505.821
549.715 505.118
551.103 504.414
552.495 503.71
553.891 503.006
555.291 502.301
556.696 501.596
558.106 500.89
559.521 500.184
560.94 499.477
562.365 498.77
563.795 498.063
565.23 497.355
566.671 496.647
568.118 495.939
569.571 495.23
571.029 494.521
572.494 493.812
573.965 493.102
575.442 492.393
576.926 491.683
578.417 490.972
579.915 490.262
581.419 489.551
582.931 488.84
584.45 488.129
585.977 487.418
587.511 486.706
589.053 485.995
590.603 485.283
592.161 484.571
593.727 483.859
595.302 483.147
596.885 482.435
598.477 481.722
600.077 481.01
601.686 480.298
603.303 479.586
604.928 478.874
606.561 478.163
608.201 477.453
609.849 476.743
611.504 476.034
613.166 475.325
614.835 474.618
616.51 473.912
618.192 473.208
619.879 472.504
621.573 471.802
623.272 471.102
624.977 470.404
626.687 469.707
628.401 469.013
630.121 468.321
631.845 467.63
633.574 466.943
635.307 466.257
637.043 465.575
638.784 464.895
640.528 464.217
642.275 463.543
644.025 462.872
645.778 462.204
647.534 461.539
649.292 460.878
651.053 460.22
652.815 459.566
654.579 458.916
656.345 458.27
658.112 457.627
659.88 456.989
661.649 456.355
663.419 455.726
665.189 455.101
666.96 454.48
668.73 453.864
670.501 453.254
672.271 452.648
674.04 452.047
675.809 451.451
677.576 450.861
679.343 450.276
681.107 449.697
682.871 449.124
684.632 448.556
686.391 447.994
688.148 447.439
689.902 446.889
691.653 446.346
693.402 445.809
695.147 445.279
696.889 444.755
698.628 444.238
700.362 443.728
702.092 443.225
703.818 442.729
705.54 442.24
707.257 441.759
708.969 441.285
710.676 440.819
712.377 440.36
714.073 439.909
715.763 439.467
717.448 439.032
719.125 438.605
720.797 438.187
722.462 437.777
724.12 437.376
725.771 436.984
727.414 436.6
729.05 436.225
730.679 435.859
732.299 435.503
733.911 435.155
735.515 434.817
737.111 434.489
738.697 434.17
740.275 433.86
741.843 433.561
743.401 433.272
744.951 432.993
746.49 432.724
748.019 432.465
749.538 432.217
751.046 431.979
752.543 431.752
754.03 431.536
755.506 431.33
756.972 431.136
758.427 430.952
759.872 430.779
761.307 430.617
762.733 430.466
764.149 430.325
765.556 430.196
766.953 430.077
768.342 429.969
769.722 429.873
771.093 429.787
772.455 429.712
773.81 429.648
775.156 429.595
776.495 429.553
777.825 429.522
779.149 429.502
780.465 429.493
781.773 429.495
783.075 429.508
784.37 429.532
785.659 429.568
786.941 429.614
788.216 429.671
789.486 429.74
790.75 429.82
792.008 429.911
793.261 430.013
794.508 430.126
795.751 430.25
796.988 430.386
798.22 430.533
799.448 430.691
800.672 430.86
801.891 431.041
803.107 431.232
804.318 431.435
805.526 431.65
806.73 431.875
807.931 432.112
809.129 432.361
810.324 432.62
811.517 432.891
812.706 433.174
813.894 433.468
815.079 433.773
816.262 434.089
817.443 434.417
818.623 434.757
819.801 435.108
820.978 435.47
822.154 435.844
823.329 436.229
824.504 436.626
825.677 437.035
826.851 437.455
828.024 437.886
829.197 438.329
830.37 438.784
831.544 439.25
832.719 439.728
833.894 440.217
835.07 440.718
836.247 441.231
837.425 441.755
838.605 442.291
839.787 442.839
840.97 443.398
842.156 443.969
843.343 444.552
844.534 445.146
845.726 445.753
846.922 446.371
848.12 447
849.322 447.642
850.527 448.295
851.735 448.96
852.947 449.637
854.163 450.326
855.383 451.027
856.607 451.74
857.836 452.464
859.069 453.2
860.307 453.949
861.55 454.709
862.798 455.481
864.052 456.265
865.311 457.061
866.576 457.869
867.846 458.689
869.122 459.52
870.404 460.363
871.691 461.218
872.984 462.084
874.281 462.962
875.584 463.85
876.892 464.749
878.205 465.659
879.523 466.58
880.846 467.511
882.173 468.453
883.505 469.404
884.841 470.366
886.181 471.338
887.526 472.319
888.875 473.311
890.228 474.311
891.585 475.321
892.946 476.34
894.31 477.369
895.678 478.406
897.05 479.452
898.425 480.506
899.804 481.569
901.185 482.641
902.57 483.72
903.958 484.808
905.349 485.904
906.742 487.007
908.138 488.118
909.537 489.237
910.939 490.363
912.343 491.496
913.749 492.636
915.157 493.783
916.568 494.937
917.981 496.098
919.395 497.265
920.811 498.438
922.229 499.618
923.649 500.804
925.07 501.995
926.493 503.193
927.917 504.396
929.342 505.604
930.768 506.818
932.195 508.038
933.623 509.262
935.052 510.491
936.482 511.725
937.912 512.964
939.343 514.207
940.774 515.454
942.205 516.706
943.637 517.962
945.069 519.222
946.5 520.485
947.932 521.752
949.363 523.023
950.794 524.297
952.225 525.575
953.655 526.855
955.085 528.138
956.514 529.425
957.942 530.713
959.369 532.005
960.795 533.298
962.22 534.594
963.644 535.892
965.066 537.192
966.487 538.494
967.907 539.797
969.325 541.102
970.741 542.409
972.155 543.716
973.568 545.025
974.978 546.334
976.386 547.645
977.792 548.956
979.196 550.267
980.597 551.579
981.996 552.892
983.392 554.204
984.786 555.516
986.176 556.828
987.564 558.14
988.948 559.451
990.33 560.762
991.708 562.072
993.083 563.381
994.454 564.688
995.823 565.995
997.189 567.301
998.552 568.605
999.913 569.908
1001.27 571.21
1002.63 572.51
1003.98 573.808
1005.34 575.104
1006.69 576.399
1008.04 577.692
1009.39 578.983
1010.74 580.271
1012.09 581.558
1013.44 582.842
1014.8 584.124
1016.15 585.403
1017.5 586.68
1018.85 587.954
1020.2 589.226
1021.56 590.494
1022.92 591.76
1024.28 593.022
1025.64 594.282
1027 595.538
1028.37 596.791
1029.73 598.041
1031.11 599.287
1032.48 600.53
1033.86 601.769
1035.24 603.005
1036.63 604.236
1038.02 605.464
1039.41 606.687
1040.81 607.907
1042.22 609.122
1043.63 610.333
1045.04 611.54
1046.46 612.742
1047.89 613.94
1049.32 615.133
1050.76 616.321
1052.2 617.504
1053.65 618.683
1055.11 619.856
1056.58 621.025
1058.05 622.188
1059.53 623.346
1061.02 624.499
1062.52 625.646
1064.02 626.788
1065.54 627.924
1067.06 629.054
1068.59 630.179
1070.13 631.297
1071.69 632.41
1073.25 633.516
1074.82 634.617
1076.4 635.711
1077.99 636.798
1079.59 637.88
1081.2 638.954
1082.83 640.023
1084.47 641.084
1086.11 642.139
1087.77 643.186
1089.44 644.227
1091.13 645.26
1092.82 646.287
1094.53 647.306
1096.25 648.318
1097.99 649.322
1099.74 650.319
1101.5 651.308
1103.28 652.29
1105.07 653.263
1106.87 654.229
1108.69 655.187
1110.53 656.137
1112.38 657.078
1114.24 658.012
1116.13 658.937
1118.02 659.853
1119.94 660.761
1121.86 661.66
1123.81 662.551
1125.77 663.433
1127.75 664.306
1129.75 665.17
1131.76 666.025
1133.8 666.87
1135.84 667.707
1137.91 668.534
1139.99 669.352
1142.1 670.16
1144.21 670.959
1146.34 671.749
1148.49 672.529
1150.66 673.299
1152.83 674.059
1155.03 674.81
1157.23 675.551
1159.45 676.282
1161.69 677.002
1163.94 677.713
1166.2 678.414
1168.47 679.105
1170.75 679.785
1173.05 680.455
1175.36 681.115
1177.68 681.765
1180.01 682.403
1182.35 683.032
1184.71 683.65
1187.07 684.257
1189.44 684.853
1191.82 685.439
1194.21 686.014
1196.61 686.578
1199.01 687.131
1201.43 687.673
1203.85 688.204
1206.28 688.724
1208.72 689.233
1211.16 689.73
1213.61 690.216
1216.06 690.691
1218.52 691.154
1220.99 691.606
1223.46 692.046
1225.94 692.475
1228.42 692.892
1230.9 693.297
1233.39 693.69
1235.88 694.072
1238.37 694.441
1240.87 694.799
1243.36 695.144
1245.86 695.478
1248.37 695.799
1250.87 696.108
1253.37 696.405
1255.88 696.689
1258.38 696.961
1260.89 697.22
1263.39 697.467
1265.9 697.702
1268.4 697.923
1270.9 698.132
1273.4 698.328
1275.9 698.512
1278.39 698.682
1280.88 698.839
1283.37 698.984
1285.86 699.115
1288.34 699.233
1290.82 699.338
1293.29 699.43
1295.76 699.508
1298.23 699.573
1300.68 699.624
1303.14 699.662
1305.58 699.686
1308.02 699.697
1310.46 699.694
1312.89 699.677
1315.3 699.647
1317.72 699.602
1320.12 699.544
1322.51 699.471
1324.9 699.385
1327.28 699.284
1329.65 699.169
1332.01 699.04
1334.35 698.897
1336.69 698.739
1339.02 698.567
1341.33 698.38
1343.64 698.179
1345.93 697.963
1348.21 697.732
1350.48 697.487
1352.74 697.227
1354.98 696.952
1357.21 696.663
1359.43 696.36
1361.64 696.043
1363.84 695.711
1366.02 695.366
1368.19 695.007
1370.35 694.634
1372.5 694.247
1374.64 693.848
1376.76 693.435
1378.88 693.008
1380.98 692.569
1383.07 692.117
1385.15 691.652
1387.22 691.175
1389.28 690.684
1391.33 690.182
1393.37 689.667
1395.39 689.14
1397.41 688.602
1399.41 688.051
1401.41 687.488
1403.39 686.914
1405.37 686.328
1407.33 685.731
1409.29 685.123
1411.23 684.504
1413.17 683.873
1415.09 683.232
1417 682.58
1418.91 681.917
1420.81 681.244
1422.69 680.56
1424.57 679.867
1426.44 679.163
1428.29 678.449
1430.14 677.725
1431.98 676.991
1433.81 676.248
1435.64 675.496
1437.45 674.734
1439.26 673.962
1441.05 673.182
1442.84 672.393
1444.62 671.595
1446.39 670.788
1448.15 669.972
1449.91 669.148
1451.65 668.316
1453.39 667.476
1455.12 666.627
1456.85 665.77
1458.56 664.906
1460.27 664.034
1461.97 663.154
1463.66 662.267
1465.35 661.372
1467.02 660.471
1468.69 659.562
1470.36 658.646
1472.01 657.723
1473.66 656.794
1475.31 655.858
1476.94 654.916
1478.57 653.967
1480.19 653.012
1481.81 652.051
1483.42 651.084
1485.02 650.112
1486.62 649.133
1488.21 648.149
1489.8 647.16
1491.37 646.165
1492.95 645.165
1494.51 644.16
1496.08 643.151
1497.63 642.136
1499.18 641.116
1500.73 640.092
1502.26 639.064
1503.8 638.031
1505.33 636.995
1506.85 635.954
1508.37 634.909
1509.88 633.86
1511.39 632.808
1512.9 631.752
1514.39 630.693
1515.89 629.63
1517.38 628.565
1518.86 627.496
1520.35 626.423
1521.82 625.348
1523.3 624.269
1524.77 623.187
1526.24 622.102
1527.7 621.014
1529.16 619.922
1530.62 618.828
1532.07 617.73
1533.52 616.629
1534.97 615.525
1536.42 614.418
1537.86 613.307
1539.31 612.194
1540.75 611.077
1542.19 609.958
1543.62 608.835
1545.06 607.71
1546.5 606.581
1547.93 605.449
1549.36 604.314
1550.8 603.177
1552.23 602.036
1553.66 600.892
1555.09 599.745
1556.53 598.595
1557.96 597.443
1559.39 596.287
1560.82 595.128
1562.25 593.967
1563.69 592.802
1565.12 591.635
1566.56 590.465
1568 589.292
1569.44 588.116
1570.88 586.937
1572.32 585.755
1573.76 584.571
1575.21 583.383
1576.66 582.193
1578.11 581
1579.56 579.804
1581.02 578.605
1582.48 577.404
1583.94 576.2
1585.41 574.993
1586.88 573.783
1588.35 572.571
1589.83 571.356
1591.31 570.138
1592.79 568.917
1594.28 567.694
1595.77 566.468
1597.27 565.24
1598.77 564.008
1600.28 562.774
1601.79 561.538
1603.31 560.299
1604.83 559.057
1606.36 557.812
1607.9 556.565
1609.44 555.316
1610.98 554.064
1612.54 552.809
1614.09 551.552
1615.66 550.292
1617.23 549.029
1618.81 547.764
1620.4 546.497
1621.99 545.227
1623.59 543.955
1625.2 542.68
1626.82 541.402
1628.44 540.123
1630.07 538.84
1631.71 537.556
1633.36 536.269
1635.02 534.979
1636.68 533.687
1638.36 532.393
1640.04 531.096
1641.73 529.797
1643.43 528.495
1645.15 527.192
1646.87 525.885
1648.6 524.577
1650.34 523.266
1652.09 521.953
1653.85 520.637
1655.62 519.32
1657.41 518
1659.2 516.679
1661 515.356
1662.81 514.031
1664.63 512.705
1666.47 511.378
1668.31 510.049
1670.16 508.72
1672.02 507.39
1673.89 506.059
1675.77 504.728
1677.66 503.396
1679.56 502.064
1681.47 500.733
1683.39 499.401
1685.32 498.07
1687.26 496.739
1689.2 495.409
1691.16 494.079
1693.12 492.75
1695.1 491.423
1697.08 490.096
1699.07 488.771
1701.07 487.448
1703.08 486.126
1705.1 484.806
1707.12 483.488
1709.16 482.172
1711.2 480.858
1713.25 479.547
1715.31 478.239
1717.38 476.933
1719.46 475.63
1721.54 474.33
1723.64 473.033
1725.74 471.74
1727.85 470.45
1729.96 469.164
1732.09 467.881
1734.22 466.603
1736.36 465.328
1738.51 464.058
1740.66 462.793
1742.83 461.532
1745 460.275
1747.18 459.024
1749.36 457.777
1751.56 456.536
1753.76 455.3
1755.96 454.07
1758.18 452.845
1760.4 451.626
1762.63 450.413
1764.86 449.206
1767.11 448.005
1769.35 446.811
1771.61 445.623
1773.87 444.443
1776.14 443.268
1778.42 442.101
1780.7 440.941
1782.99 439.789
1785.28 438.644
1787.59 437.506
1789.89 436.377
1792.21 435.255
1794.53 434.141
1796.85 433.036
1799.19 431.939
1801.52 430.851
1803.87 429.771
1806.22 428.7
1808.57 427.638
1810.94 426.586
1813.3 425.542
1815.68 424.509
1818.05 423.484
1820.44 422.47
1822.83 421.465
1825.22 420.471
1827.62 419.487
1830.03 418.513
1832.44 417.55
1834.85 416.597
1837.27 415.655
1839.7 414.725
1842.13 413.805
1844.56 412.897
